           0.6        3.64115
      0.597386       0.787629
      0.594207        3.67581
       0.58839         3.7115
      0.579909        3.76509
      0.568725         3.8386
      0.554785        3.93474
      0.538022        4.05672
      0.518346        4.20787
       0.49565        4.39019
      0.469803        4.60022
      0.440654        4.81741
      0.408047        4.96968
      0.371873        4.82514
      0.332236        3.62506
      0.289996       -1.21266
      0.248627       -17.6725
      0.219943       -50.4888
      0.227499       -38.6992
      0.262833       -9.62663
      0.305077        1.23892
      0.346432        4.25951
       0.38473        4.93698
      0.419483        4.93427
      0.450695        4.74731
      0.478499        4.53009
      0.503052        4.33007
      0.524497        4.15979
      0.542955        4.02012
      0.558529        3.90844
      0.571296        3.82141
      0.581321        3.75603
       0.58865        3.70988
      0.593316        3.68123
      0.595339        3.66898
      0.594729        3.67266
      0.591483       0.779845
      0.587676       0.774827
      0.583314       0.769075
        0.5784       0.762596
      0.572938       0.755395
      0.566934       0.747479
      0.560394       0.738856
      0.553323       0.729534
      0.545729       0.719521
      0.537618       0.708827
      0.528998       0.697462
      0.519878       0.685438
      0.510266       0.672764
      0.500171       0.659454
      0.489602        0.64552
       0.47857       0.630975
      0.467085       0.615833
      0.455159       0.600108
      0.442801       0.583815
      0.430024       0.566969
      0.416841       0.549587
      0.403263        4.97621
      0.386113        4.94423
      0.365414        4.73242
      0.341318        4.06491
      0.314305        2.27814
      0.285656       -2.14575
      0.258547       -11.6975
      0.239835       -24.7484
      0.238887       -25.6353
       0.25634       -12.8743
      0.283034       -2.77034
      0.311716        2.01504
      0.338952        3.96272
      0.363343        4.69646
      0.384364        4.93492
      0.401842        4.97704
      0.415748        4.94855
      0.426102         4.9036
      0.432935        4.86588
      0.436277        4.84558
       0.43614        4.84643
      0.432524         4.8683
      0.425415        4.90707
      0.414782        4.95184
      0.400596        4.97731
      0.382837        4.92569
      0.361542        4.66247
        0.3369        3.86734
      0.309483        1.77098
      0.280794       -3.34355
      0.254505       -13.9144
      0.238204       -26.2909
      0.240775       -23.8954
      0.260497       -10.7221
      0.287915       -1.64509
      0.316514        2.48699
      0.343328        4.14552
      0.367167         4.7604
      0.387588        4.95109
      0.404456       0.533258
      0.420941       0.554993
      0.437027       0.576202
        0.4527       0.596867
      0.467945       0.616966
      0.482746       0.636481
      0.497091       0.655394
      0.510966       0.673687
      0.524356       0.691342
      0.537251       0.708343
      0.549637       0.724673
      0.561503       0.740318
      0.572837       0.755262
       0.58363       0.769492
       0.59387       0.782993
      0.603548       0.795753
      0.612655        0.80776
      0.621182       0.819003
      0.629121        0.82947
      0.636465       0.839153
      0.643207       0.848041
      0.649339       0.856127
      0.654858       0.863402
      0.659756       0.869861
       0.66403       0.875496
      0.667676       0.880303
       0.67069       0.884277
      0.673069       0.887413
      0.674811        0.88971
      0.675915       0.891165
      0.676378       0.891777
      0.676202       0.891544
      0.675386       0.890468
      0.673931       0.888549
      0.671837        0.88579
      0.669109       0.882192
      0.665746       0.877759
      0.661754       0.872495
      0.657136       0.866406
      0.651895       0.859497
      0.646038       0.851774
      0.639569       0.843245
      0.632495       0.833918
      0.624822       0.823802
      0.616559       0.812907
      0.607711       0.801242
      0.598289       0.788819
        0.5883       0.775649
      0.577754       0.761745
      0.566662        0.74712
      0.555034       0.731789
       0.54288       0.715764
      0.530212       0.699063
      0.517043         0.6817
      0.503384       0.663691
      0.489249       0.645055
      0.474651       0.625808
      0.459604       0.605969
      0.444122       0.585556
      0.428219       0.564589
      0.411911       0.543088
      0.395214       0.521073
      0.378142       0.498565
      0.360713       0.475585
      0.342942        4.13044
      0.322206        2.96434
      0.299343       0.432981
      0.276168       -4.65509
      0.256336       -12.8766
      0.245746       -19.7802
      0.249353       -17.1702
      0.265286       0.349768
      0.280967       0.370444
      0.296383       0.390768
      0.311518       0.410723
      0.326358       0.430289
      0.340889       0.449448
      0.355098       0.468182
      0.368971       0.486473
      0.382494       0.504303
      0.395656       0.521656
      0.408443       0.538515
      0.420843       0.554865
      0.432846       0.570689
      0.444438       0.585973
       0.45561       0.600703
      0.466351       0.614865
      0.476651       0.628444
      0.486499       0.641429
      0.495887       0.653806
      0.504806       0.665565
      0.513247       0.676694
      0.521202       0.687183
      0.528664       0.697021
      0.535626         0.7062
       0.54208        0.71471
      0.548022       0.722544
      0.553445       0.729695
      0.558345       0.736154
      0.562716       0.741917
      0.566554       0.746978
      0.569856       0.751332
      0.572619       0.754975
       0.57484       0.757903
      0.576517       0.760114
      0.577649       0.761606
      0.578233       0.762377
      0.578271       0.762426
      0.577761       0.761754
      0.576705       0.760361
      0.575102       0.758249
      0.572956       0.755418
      0.570267       0.751873
      0.567039       0.747617
      0.563273       0.742653
      0.558975       0.736986
      0.554148       0.730621
      0.548796       0.723565
      0.542926       0.715825
      0.536541       0.707407
      0.529648       0.698319
      0.522254       0.688571
      0.514366        0.67817
      0.505991       0.667129
      0.497138       0.655455
      0.487814       0.643162
      0.478028        0.63026
       0.46779       0.616761
      0.457109       0.602679
      0.445995       0.588026
      0.434459       0.572817
      0.422513       0.557065
      0.410166       0.540787
      0.397431       0.523997
       0.38432        0.50671
      0.370846       0.488945
       0.35702       0.470716
      0.342857       0.452042
      0.328369        0.43294
       0.31357       0.413429
      0.298475       0.393526
      0.283097       0.373251
      0.267451       0.352623
      0.251552       0.331661
      0.235415       0.310385
      0.219055       0.288815
      0.202488       0.266972
      0.185729       0.244876
      0.168795       0.222549
      0.151701       0.200011
      0.134463       0.177284
      0.117098       0.154388
     0.0996218       0.131347
     0.0820516       0.108182
     0.0644038      0.0849138
     0.0466951      0.0615655
     0.0289421       0.038159
     0.0111618      0.0147163
   -0.00662913    -0.00874023
    -0.0244138     -0.0321885
    -0.0421753     -0.0556064
    -0.0598969     -0.0789716
    -0.0775618      -0.102262
    -0.0951534      -0.125456
     -0.112655      -0.148531
      -0.13005      -0.171465
     -0.147321      -0.194237
     -0.164454      -0.216826
     -0.181431      -0.239209
     -0.198236      -0.261365
     -0.214853      -0.283275
     -0.231267      -0.304916
     -0.247462      -0.326269
     -0.263423      -0.347313
     -0.279135      -0.368028
     -0.294583      -0.388395
     -0.309751      -0.408394
     -0.324627      -0.428007
     -0.339196       -3.97362
     -0.350912        -4.4035
     -0.359467       -4.62005
     -0.364706        -4.7205
     -0.366557       -4.75092
     -0.364998       -4.72546
     -0.360047       -4.63226
     -0.351771       -4.42853
     -0.340316       -4.02261
     -0.325973       -3.23721
     -0.309307       -1.75112
     -0.291385       0.938495
     -0.274135        5.29109
     -0.260684        10.6315
     -0.254864        13.7066
     -0.258882        11.5259
     -0.271174        6.28936
     -0.287979        1.63134
     -0.305956       -1.35073
     -0.322964        -3.0218
     -0.337802       -3.91006
     -0.349834      -0.461241
     -0.361534      -0.476668
     -0.372893      -0.491643
     -0.383898      -0.506154
      -0.39454      -0.520185
     -0.404809      -0.533724
     -0.414695      -0.546758
     -0.424188      -0.559275
      -0.43328      -0.571262
     -0.441962      -0.582709
     -0.450226      -0.593604
     -0.458063      -0.603937
     -0.465467      -0.613699
     -0.472431       -0.62288
     -0.478947      -0.631472
      -0.48501      -0.639465
     -0.490614      -0.646854
     -0.495754      -0.653631
     -0.500425      -0.659789
     -0.504622      -0.665323
     -0.508341      -0.670227
      -0.51158      -0.674496
     -0.514334      -0.678128
     -0.516601      -0.681117
      -0.51838      -0.683462
     -0.519668       -0.68516
     -0.520464       -0.68621
     -0.520768      -0.686611
     -0.520579      -0.686361
     -0.519897      -0.685462
     -0.518723      -0.683915
     -0.517058       -0.68172
     -0.514904       -0.67888
     -0.512263      -0.675397
     -0.509137      -0.671275
     -0.505529      -0.666518
     -0.501442       -0.66113
     -0.496881      -0.655117
      -0.49185      -0.648484
     -0.486353      -0.641236
     -0.480396      -0.633382
     -0.473985      -0.624929
     -0.467124      -0.615884
     -0.459822      -0.606256
     -0.452085      -0.596055
      -0.44392      -0.585289
     -0.435334       -0.57397
     -0.426337      -0.562107
     -0.416936      -0.549713
     -0.407141      -0.536798
      -0.39696      -0.523375
     -0.386403      -0.509457
     -0.375481      -0.495057
     -0.364204      -0.480188
     -0.352582      -0.464865
     -0.340626      -0.449101
     -0.328348      -0.432913
     -0.315759      -0.416315
     -0.302871      -0.399323
     -0.289697      -0.381954
     -0.276249      -0.364222
     -0.262539      -0.346146
      -0.24858      -0.327743
     -0.234387      -0.309029
     -0.219971      -0.290023
     -0.205348      -0.270742
      -0.19053      -0.251205
     -0.175531      -0.231431
     -0.160367      -0.211437
     -0.145051      -0.191243
     -0.129597      -0.170869
     -0.114021      -0.150332
    -0.0983373      -0.129654
    -0.0825603      -0.108852
    -0.0667051     -0.0879479
    -0.0507868     -0.0669603
    -0.0348204     -0.0459093
    -0.0188211     -0.0248148
   -0.00280396     -0.0036969
     0.0132158      0.0174245
     0.0292231      0.0385295
     0.0452028      0.0595979
     0.0611396        0.08061
     0.0770186       0.101546
     0.0928247       0.122385
      0.108543       0.143109
      0.124158       0.163698
      0.139657       0.184131
      0.155022       0.204391
      0.170242       0.224456
        0.1853        0.24431
      0.200182       0.263932
      0.214875       0.283304
      0.229365       0.302409
      0.243638       0.321227
       0.25768       0.339741
      0.271479       0.357933
       0.28502       0.375787
      0.298292       0.393286
      0.311281       0.410412
      0.323976       0.427149
      0.336364       0.443483
      0.348434       0.459396
      0.360175       0.474875
      0.371574       0.489905
      0.382621        0.50447
      0.393307       0.518559
       0.40362       0.532157
      0.413552        4.95578
      0.419926        4.93243
       0.42276        4.91989
      0.422062        4.92309
       0.41783        4.94088
      0.410052        4.96535
       0.39871         4.9769
      0.383796        4.93161
      0.365342        4.73122
      0.343491        4.15181
      0.318661        2.67684
      0.291909      -0.837865
      0.265759       -8.35977
      0.245609       -19.8852
      0.239732       -24.8436
      0.251688       -15.6306
      0.274863        -5.0589
       0.30167       0.776695
      0.327919        3.36605
      0.351752       0.463771
      0.375252       0.494754
      0.398397        0.52527
      0.421165       0.555289
      0.443535       0.584782
      0.465484       0.613721
      0.486993        0.64208
      0.508042       0.669832
      0.528609       0.696949
      0.548676       0.723407
      0.568224        0.74918
      0.587234       0.774244
      0.605689       0.798575
       0.62357       0.822151
      0.640861       0.844948
      0.657545       0.866946
      0.673608       0.888124
      0.689032       0.908461
      0.703805       0.927938
      0.717912       0.946537
      0.731339        0.96424
      0.744074       0.981031
      0.756105       0.996893
      0.767421        1.01181
       0.77801        1.02577
      0.787862        1.03876
       0.79697        1.05077
      0.805323        2.86456
      0.811619        2.84577
      0.815874        2.83331
      0.818094        2.82688
      0.818285        2.82632
      0.816448        2.83164
      0.812578        2.84294
      0.806668        2.86051
      0.798704        1.05306
      0.789984        1.04156
      0.780517        1.02908
      0.770311        1.01562
      0.759376        1.00121
      0.747723       0.985841
      0.735362       0.969543
      0.722304       0.952328
      0.708564       0.934212
      0.694152       0.915211
      0.679084       0.895344
      0.663373        0.87463
      0.647035       0.853088
      0.630084       0.830739
      0.612536       0.807604
      0.594409       0.783704
       0.57572       0.759063
      0.556486       0.733703
      0.536725       0.707649
      0.516456       0.680925
      0.495698       0.653557
      0.474471        0.62557
      0.452795       0.596992
      0.430691       0.567848
      0.408179       0.538167
      0.385281       0.507977
      0.362018       0.477305
      0.338412       0.446183
      0.314487       0.414637
      0.290263         0.3827
      0.265765         0.3504
      0.241016       0.317769
      0.216038       0.284837
      0.190856       0.251635
      0.165493       0.218196
      0.139974       0.184549
      0.114322       0.150729
     0.0885618       0.116765
      0.062718      0.0826911
     0.0368148      0.0485388
     0.0108768      0.0143406
    -0.0150715     -0.0198712
    -0.0410056     -0.0540642
    -0.0669009      -0.088206
    -0.0927328      -0.122264
     -0.118477      -0.156207
     -0.144109      -0.190002
     -0.169605      -0.223617
      -0.19494       -0.25702
     -0.220091       -0.29018
     -0.245033      -0.323066
     -0.269743      -0.355645
     -0.294199      -0.387889
     -0.318375      -0.419765
     -0.342251      -0.451244
     -0.365803      -0.482295
     -0.389008      -0.512891
     -0.411845      -0.543001
     -0.434293      -0.572597
     -0.456329      -0.601651
     -0.477934      -0.630136
     -0.499086      -0.658024
     -0.519766       -0.68529
     -0.539954      -0.711907
     -0.559631      -0.737851
     -0.578779      -0.763096
     -0.597379      -0.787619
     -0.615413      -0.811396
     -0.632865      -0.834406
     -0.649718      -0.856626
     -0.665956      -0.878036
